1646917859.761 1646917859.759 1646917859.830
1646917859.832 1646917859.825 1646917859.887
1646917859.864 1646917859.892 1646917859.941
1646917859.932 1646917859.924 1646917859.997
1646917860.002 1646917859.993 1646917860.051
1646917860.032 1646917860.058 1646917860.105
1646917860.101 1646917860.093 1646917860.161
1646917860.167 1646917860.161 1646917860.215
1646917860.200 1646917860.193 1646917860.271
1646917860.266 1646917860.261 1646917860.325
1646917860.330 1646917860.324 1646917860.381
1646917860.361 1646917860.358 1646917860.436
1646917860.433 1646917860.429 1646917860.491
1646917860.465 1646917860.492 1646917860.547
1646917860.531 1646917860.523 1646917860.601
1646917860.600 1646917860.591 1646917860.656
1646917860.633 1646917860.660 1646917860.710
1646917860.701 1646917860.691 1646917860.769
1646917860.767 1646917860.759 1646917860.826
1646917860.834 1646917860.830 1646917860.876
1646917860.864 1646917860.858 1646917860.930
1646917860.933 1646917860.925 1646917860.987
1646917860.966 1646917860.993 1646917861.040
1646917861.033 1646917861.031 1646917861.094
1646917861.101 1646917861.091 1646917861.150
1646917861.129 1646917861.160 1646917861.204
1646917861.197 1646917861.193 1646917861.260
1646917861.265 1646917861.261 1646917861.315
1646917861.302 1646917861.325 1646917861.369
1646917861.365 1646917861.360 1646917861.424
1646917864.232 1646917864.228 1646917864.299
1646917864.302 1646917864.292 1646917864.355
1646917864.332 1646917864.361 1646917864.410
1646917864.401 1646917864.393 1646917864.466
1646917864.465 1646917864.461 1646917864.522
1646917864.500 1646917864.528 1646917864.578
1646917864.565 1646917864.559 1646917864.632
1646917864.632 1646917864.627 1646917864.687
1646917864.664 1646917864.692 1646917864.739
1646917864.731 1646917864.727 1646917864.799
1646917864.801 1646917864.794 1646917864.862
1646917864.864 1646917864.861 1646917864.918
1646917864.900 1646917864.928 1646917864.974
1646917864.964 1646917864.959 1646917865.030
1646917865.033 1646917865.029 1646917865.087
1646917865.064 1646917865.092 1646917865.140
1646917865.132 1646917865.127 1646917865.195
1646917865.201 1646917865.191 1646917865.250
1646917865.234 1646917865.230 1646917865.304
1646917865.301 1646917865.293 1646917865.359
1646917865.364 1646917865.361 1646917865.414
1646917865.400 1646917865.391 1646917865.469
1646917865.465 1646917865.461 1646917865.524
1646917865.499 1646917865.527 1646917865.578
1646917865.564 1646917865.559 1646917865.633
1646917865.632 1646917865.627 1646917865.688
1646917865.665 1646917865.692 1646917865.742
1646917865.734 1646917865.729 1646917865.798
1646917865.801 1646917865.792 1646917865.852
1646917865.833 1646917865.859 1646917865.908
1646917869.034 1646917869.028 1646917869.100
1646917869.101 1646917869.093 1646917869.156
1646917869.132 1646917869.161 1646917869.210
1646917869.201 1646917869.193 1646917869.264
1646917869.266 1646917869.261 1646917869.319
1646917869.300 1646917869.327 1646917869.374
1646917869.366 1646917869.363 1646917869.430
1646917869.434 1646917869.428 1646917869.488
1646917869.463 1646917869.493 1646917869.541
1646917869.533 1646917869.529 1646917869.599
1646917869.600 1646917869.593 1646917869.654
1646917869.632 1646917869.660 1646917869.709
1646917869.701 1646917869.693 1646917869.765
1646917869.767 1646917869.761 1646917869.816
1646917869.800 1646917869.792 1646917869.869
1646917869.865 1646917869.861 1646917869.923
1646917869.930 1646917869.928 1646917869.978
1646917869.961 1646917869.959 1646917870.035
1646917870.032 1646917870.029 1646917870.091
1646917870.064 1646917870.094 1646917870.146
1646917870.131 1646917870.128 1646917870.202
1646917870.201 1646917870.193 1646917870.260
1646917870.265 1646917870.261 1646917870.314
1646917870.300 1646917870.292 1646917870.369
1646917870.366 1646917870.361 1646917870.425
1646917870.432 1646917870.429 1646917870.482
1646917870.464 1646917870.493 1646917870.537
1646917870.532 1646917870.529 1646917870.593
1646917870.600 1646917870.591 1646917870.646
1646917870.632 1646917870.628 1646917870.699
1646917873.632 1646917873.628 1646917873.681
1646917873.664 1646917873.661 1646917873.736
1646917873.732 1646917873.728 1646917873.791
1646917873.801 1646917873.792 1646917873.846
1646917873.831 1646917873.828 1646917873.902
1646917873.901 1646917873.891 1646917873.959
1646917873.967 1646917873.961 1646917874.014
1646917874.001 1646917873.992 1646917874.067
1646917874.064 1646917874.060 1646917874.122
1646917874.100 1646917874.125 1646917874.179
1646917874.165 1646917874.161 1646917874.233
1646917874.232 1646917874.227 1646917874.290
1646917874.264 1646917874.293 1646917874.344
1646917874.330 1646917874.329 1646917874.399
1646917874.402 1646917874.393 1646917874.456
1646917874.432 1646917874.461 1646917874.509
1646917874.500 1646917874.488 1646917874.562
1646917874.562 1646917874.559 1646917874.618
1646917874.599 1646917874.628 1646917874.673
1646917874.662 1646917874.659 1646917874.729
1646917874.732 1646917874.730 1646917874.783
1646917874.764 1646917874.791 1646917874.838
1646917874.832 1646917874.829 1646917874.894
1646917874.900 1646917874.892 1646917874.949
1646917874.932 1646917874.959 1646917875.006
1646917875.001 1646917874.993 1646917875.064
1646917875.067 1646917875.061 1646917875.120
1646917875.101 1646917875.127 1646917875.174
1646917875.164 1646917875.159 1646917875.229
1646917875.234 1646917875.229 1646917875.280
1646917878.064 1646917878.092 1646917878.148
1646917878.131 1646917878.127 1646917878.202
1646917878.200 1646917878.193 1646917878.259
1646917878.265 1646917878.261 1646917878.315
1646917878.300 1646917878.291 1646917878.369
1646917878.361 1646917878.358 1646917878.425
1646917878.433 1646917878.429 1646917878.479
1646917878.464 1646917878.460 1646917878.535
1646917878.532 1646917878.530 1646917878.590
1646917878.563 1646917878.592 1646917878.645
1646917878.633 1646917878.628 1646917878.701
1646917878.703 1646917878.696 1646917878.756
1646917878.763 1646917878.759 1646917878.809
1646917878.800 1646917878.791 1646917878.865
1646917878.865 1646917878.860 1646917878.919
1646917878.900 1646917878.928 1646917878.975
1646917878.967 1646917878.959 1646917879.031
1646917879.036 1646917879.029 1646917879.086
1646917879.064 1646917879.091 1646917879.140
1646917879.132 1646917879.128 1646917879.197
1646917879.201 1646917879.194 1646917879.252
1646917879.232 1646917879.259 1646917879.305
1646917879.301 1646917879.292 1646917879.361
1646917879.364 1646917879.360 1646917879.415
1646917879.400 1646917879.425 1646917879.470
1646917879.465 1646917879.464 1646917879.524
1646917879.531 1646917879.525 1646917879.578
1646917879.562 1646917879.559 1646917879.634
1646917879.633 1646917879.628 1646917879.687
1646917879.664 1646917879.692 1646917879.742
1646917882.333 1646917882.329 1646917882.392
1646917882.400 1646917882.392 1646917882.447
1646917882.431 1646917882.427 1646917882.504
1646917882.502 1646917882.493 1646917882.559
1646917882.566 1646917882.560 1646917882.614
1646917882.601 1646917882.592 1646917882.670
1646917882.666 1646917882.661 1646917882.728
1646917882.734 1646917882.731 1646917882.782
1646917882.764 1646917882.789 1646917882.837
1646917882.832 1646917882.824 1646917882.893
1646917882.864 1646917882.892 1646917882.951
1646917882.933 1646917882.960 1646917883.006
1646917883.001 1646917882.992 1646917883.061
1646917883.065 1646917883.060 1646917883.118
1646917883.100 1646917883.127 1646917883.174
1646917883.167 1646917883.161 1646917883.230
1646917883.233 1646917883.229 1646917883.284
1646917883.265 1646917883.292 1646917883.343
1646917883.332 1646917883.329 1646917883.397
1646917883.400 1646917883.391 1646917883.451
1646917883.433 1646917883.460 1646917883.505
1646917883.497 1646917883.491 1646917883.563
1646917883.567 1646917883.561 1646917883.619
1646917883.600 1646917883.628 1646917883.673
1646917883.665 1646917883.661 1646917883.729
1646917883.733 1646917883.728 1646917883.783
1646917883.763 1646917883.789 1646917883.838
1646917883.834 1646917883.829 1646917883.894
1646917883.901 1646917883.892 1646917883.952
1646917883.933 1646917883.961 1646917884.005
1646917890.765 1646917890.760 1646917890.777
1646917890.830 1646917890.827 1646917890.831
1646917890.864 1646917890.891 1646917890.887
1646917890.932 1646917890.926 1646917890.942
1646917890.998 1646917890.991 1646917890.997
1646917891.032 1646917891.028 1646917891.048
1646917891.101 1646917891.092 1646917891.102
1646917891.166 1646917891.160 1646917891.164
1646917891.200 1646917891.194 1646917891.215
1646917891.264 1646917891.260 1646917891.269
1646917891.300 1646917891.328 1646917891.324
1646917891.362 1646917891.391 1646917891.380
1646917891.432 1646917891.427 1646917891.435
1646917891.464 1646917891.492 1646917891.492
1646917891.531 1646917891.528 1646917891.546
1646917891.602 1646917891.593 1646917891.603
1646917891.665 1646917891.661 1646917891.660
1646917891.700 1646917891.691 1646917891.715
1646917891.764 1646917891.760 1646917891.768
1646917891.800 1646917891.829 1646917891.826
1646917891.864 1646917891.858 1646917891.882
1646917891.932 1646917891.929 1646917891.935
1646917891.963 1646917891.992 1646917891.991
1646917892.032 1646917892.027 1646917892.046
1646917892.097 1646917892.092 1646917892.100
1646917892.132 1646917892.159 1646917892.155
1646917892.200 1646917892.191 1646917892.209
1646917892.265 1646917892.261 1646917892.265
1646917892.300 1646917892.327 1646917892.321
1646917892.364 1646917892.359 1646917892.374
1646917895.232 1646917895.259 1646917895.306
1646917895.300 1646917895.290 1646917895.362
1646917895.365 1646917895.360 1646917895.416
1646917895.401 1646917895.426 1646917895.471
1646917895.464 1646917895.460 1646917895.527
1646917895.533 1646917895.528 1646917895.583
1646917895.563 1646917895.592 1646917895.638
1646917895.632 1646917895.628 1646917895.696
1646917895.702 1646917895.693 1646917895.752
1646917895.733 1646917895.760 1646917895.805
1646917895.797 1646917895.791 1646917895.861
1646917895.865 1646917895.860 1646917895.915
1646917895.900 1646917895.892 1646917895.971
1646917895.964 1646917895.958 1646917896.026
1646917896.000 1646917896.028 1646917896.082
1646917896.065 1646917896.093 1646917896.138
1646917896.133 1646917896.128 1646917896.193
1646917896.200 1646917896.191 1646917896.247
1646917896.232 1646917896.228 1646917896.304
1646917896.301 1646917896.293 1646917896.365
1646917896.365 1646917896.361 1646917896.427
1646917896.433 1646917896.429 1646917896.486
1646917896.463 1646917896.490 1646917896.543
1646917896.531 1646917896.527 1646917896.596
1646917896.600 1646917896.588 1646917896.650
1646917896.632 1646917896.658 1646917896.707
1646917896.700 1646917896.691 1646917896.764
1646917896.767 1646917896.760 1646917896.819
1646917896.800 1646917896.827 1646917896.873
1646917896.865 1646917896.861 1646917896.929
1646917899.763 1646917899.791 1646917899.837
1646917899.831 1646917899.828 1646917899.894
1646917899.902 1646917899.893 1646917899.949
1646917899.932 1646917899.958 1646917900.001
1646917900.000 1646917899.993 1646917900.055
1646917900.063 1646917900.057 1646917900.110
1646917900.096 1646917900.091 1646917900.167
1646917900.166 1646917900.161 1646917900.221
1646917900.200 1646917900.225 1646917900.274
1646917900.265 1646917900.260 1646917900.332
1646917900.334 1646917900.328 1646917900.389
1646917900.364 1646917900.393 1646917900.442
1646917900.433 1646917900.428 1646917900.497
1646917900.497 1646917900.491 1646917900.557
1646917900.564 1646917900.559 1646917900.610
1646917900.601 1646917900.592 1646917900.667
1646917900.663 1646917900.661 1646917900.729
1646917900.732 1646917900.728 1646917900.780
1646917900.765 1646917900.759 1646917900.835
1646917900.833 1646917900.829 1646917900.890
1646917900.864 1646917900.892 1646917900.946
1646917900.933 1646917900.928 1646917901.001
1646917900.999 1646917900.992 1646917901.055
1646917901.031 1646917901.060 1646917901.109
1646917901.100 1646917901.091 1646917901.166
1646917901.166 1646917901.161 1646917901.222
1646917901.199 1646917901.229 1646917901.276
1646917901.265 1646917901.260 1646917901.333
1646917901.332 1646917901.329 1646917901.391
1646917901.364 1646917901.393 1646917901.447
1646917904.230 1646917904.227 1646917904.295
1646917904.301 1646917904.293 1646917904.346
1646917904.332 1646917904.331 1646917904.401
1646917904.401 1646917904.389 1646917904.455
1646917904.431 1646917904.456 1646917904.507
1646917904.498 1646917904.488 1646917904.563
1646917904.566 1646917904.561 1646917904.619
1646917904.600 1646917904.628 1646917904.672
1646917904.665 1646917904.658 1646917904.728
1646917904.733 1646917904.728 1646917904.783
1646917904.765 1646917904.792 1646917904.838
1646917904.833 1646917904.830 1646917904.893
1646917904.900 1646917904.891 1646917904.947
1646917904.930 1646917904.926 1646917905.002
1646917905.001 1646917904.993 1646917905.061
1646917905.070 1646917905.062 1646917905.116
1646917905.100 1646917905.127 1646917905.171
1646917905.167 1646917905.161 1646917905.226
1646917905.233 1646917905.228 1646917905.283
1646917905.267 1646917905.293 1646917905.338
1646917905.333 1646917905.329 1646917905.397
1646917905.402 1646917905.392 1646917905.452
1646917905.433 1646917905.459 1646917905.503
1646917905.500 1646917905.492 1646917905.564
1646917905.565 1646917905.560 1646917905.617
1646917905.600 1646917905.590 1646917905.673
1646917905.668 1646917905.659 1646917905.734
1646917905.734 1646917905.728 1646917905.790
1646917905.798 1646917905.791 1646917905.846
1646917905.833 1646917905.828 1646917905.902
1646917908.598 1646917908.589 1646917908.665
1646917908.667 1646917908.659 1646917908.721
1646917908.697 1646917908.727 1646917908.774
1646917908.765 1646917908.758 1646917908.829
1646917908.830 1646917908.827 1646917908.882
1646917908.869 1646917908.890 1646917908.934
1646917908.931 1646917908.927 1646917908.990
1646917908.964 1646917908.992 1646917909.047
1646917909.033 1646917909.028 1646917909.102
1646917909.099 1646917909.092 1646917909.156
1646917909.131 1646917909.161 1646917909.210
1646917909.201 1646917909.191 1646917909.266
1646917909.269 1646917909.261 1646917909.322
1646917909.300 1646917909.328 1646917909.378
1646917909.363 1646917909.359 1646917909.434
1646917909.433 1646917909.428 1646917909.489
1646917909.467 1646917909.492 1646917909.545
1646917909.533 1646917909.528 1646917909.601
1646917909.602 1646917909.592 1646917909.657
1646917909.631 1646917909.659 1646917909.712
1646917909.700 1646917909.691 1646917909.767
1646917909.764 1646917909.761 1646917909.822
1646917909.800 1646917909.827 1646917909.877
1646917909.869 1646917909.858 1646917909.933
1646917909.934 1646917909.930 1646917909.991
1646917909.963 1646917909.993 1646917910.046
1646917910.033 1646917910.028 1646917910.100
1646917910.101 1646917910.092 1646917910.156
1646917910.132 1646917910.160 1646917910.210
1646917910.201 1646917910.192 1646917910.264
1646917912.667 1646917912.691 1646917912.741
1646917912.730 1646917912.726 1646917912.797
1646917912.801 1646917912.792 1646917912.851
1646917912.832 1646917912.858 1646917912.907
1646917912.899 1646917912.890 1646917912.964
1646917912.966 1646917912.961 1646917913.024
1646917913.000 1646917913.028 1646917913.079
1646917913.068 1646917913.060 1646917913.133
1646917913.132 1646917913.127 1646917913.189
1646917913.162 1646917913.192 1646917913.244
1646917913.234 1646917913.229 1646917913.297
1646917913.300 1646917913.291 1646917913.355
1646917913.330 1646917913.361 1646917913.409
1646917913.400 1646917913.392 1646917913.466
1646917913.469 1646917913.460 1646917913.522
1646917913.500 1646917913.527 1646917913.577
1646917913.564 1646917913.556 1646917913.633
1646917913.634 1646917913.628 1646917913.688
1646917913.667 1646917913.692 1646917913.739
1646917913.731 1646917913.724 1646917913.796
1646917913.801 1646917913.792 1646917913.852
1646917913.832 1646917913.859 1646917913.905
1646917913.900 1646917913.892 1646917913.967
1646917913.968 1646917913.960 1646917914.022
1646917914.002 1646917914.027 1646917914.073
1646917914.067 1646917914.060 1646917914.128
1646917914.133 1646917914.128 1646917914.183
1646917914.163 1646917914.191 1646917914.236
1646917914.232 1646917914.227 1646917914.292
1646917914.267 1646917914.292 1646917914.348
1646917917.031 1646917917.060 1646917917.104
1646917917.096 1646917917.091 1646917917.159
1646917917.165 1646917917.160 1646917917.214
1646917917.199 1646917917.190 1646917917.268
1646917917.268 1646917917.260 1646917917.324
1646917917.300 1646917917.327 1646917917.379
1646917917.364 1646917917.391 1646917917.433
1646917917.431 1646917917.424 1646917917.488
1646917917.464 1646917917.491 1646917917.543
1646917917.532 1646917917.527 1646917917.599
1646917917.601 1646917917.592 1646917917.654
1646917917.631 1646917917.659 1646917917.707
1646917917.701 1646917917.692 1646917917.763
1646917917.766 1646917917.760 1646917917.819
1646917917.799 1646917917.827 1646917917.874
1646917917.868 1646917917.860 1646917917.930
1646917917.932 1646917917.927 1646917917.988
1646917917.963 1646917917.994 1646917918.042
1646917918.034 1646917918.028 1646917918.096
1646917918.099 1646917918.088 1646917918.151
1646917918.134 1646917918.130 1646917918.204
1646917918.196 1646917918.187 1646917918.260
1646917918.268 1646917918.260 1646917918.315
1646917918.300 1646917918.327 1646917918.370
1646917918.366 1646917918.360 1646917918.428
1646917918.434 1646917918.429 1646917918.483
1646917918.468 1646917918.491 1646917918.538
1646917918.533 1646917918.528 1646917918.596
1646917918.601 1646917918.594 1646917918.650
1646917918.631 1646917918.656 1646917918.705
1646917921.300 1646917921.327 1646917921.374
1646917921.368 1646917921.358 1646917921.435
1646917921.434 1646917921.430 1646917921.498
1646917921.500 1646917921.495 1646917921.559
1646917921.532 1646917921.561 1646917921.614
1646917921.600 1646917921.590 1646917921.669
1646917921.669 1646917921.660 1646917921.728
1646917921.733 1646917921.729 1646917921.782
1646917921.767 1646917921.788 1646917921.835
1646917921.831 1646917921.827 1646917921.888
1646917921.867 1646917921.889 1646917921.942
1646917921.933 1646917921.928 1646917921.999
1646917922.001 1646917921.992 1646917922.050
1646917922.031 1646917922.058 1646917922.105
1646917922.100 1646917922.093 1646917922.162
1646917922.169 1646917922.159 1646917922.215
1646917922.200 1646917922.191 1646917922.270
1646917922.270 1646917922.261 1646917922.325
1646917922.332 1646917922.328 1646917922.379
1646917922.367 1646917922.359 1646917922.434
1646917922.434 1646917922.428 1646917922.488
1646917922.469 1646917922.491 1646917922.541
1646917922.532 1646917922.528 1646917922.596
1646917922.600 1646917922.592 1646917922.651
1646917922.632 1646917922.659 1646917922.705
1646917922.699 1646917922.692 1646917922.760
1646917922.768 1646917922.759 1646917922.816
1646917922.798 1646917922.791 1646917922.871
1646917922.870 1646917922.861 1646917922.927
1646917922.932 1646917922.927 1646917922.982
