1.646812179311062336e+09 1.646812179324844122e+09 1.646812179385643005e+09
1.646812179380050898e+09 1.646812179388214350e+09 1.646812179439626694e+09
1.646812179410772085e+09 1.646812179423662663e+09 1.646812179494775772e+09
1.646812179478719234e+09 1.646812179484563112e+09 1.646812179551588774e+09
1.646812179548081636e+09 1.646812179557072401e+09 1.646812179607982159e+09
1.646812179613366127e+09 1.646812179585093260e+09 1.646812179662628651e+09
1.646812179646230221e+09 1.646812179654251814e+09 1.646812179717699766e+09
1.646812179711002111e+09 1.646812179723138809e+09 1.646812179771719933e+09
1.646812179747312069e+09 1.646812179754606247e+09 1.646812179826665878e+09
1.646812179811250448e+09 1.646812179823925257e+09 1.646812179884238243e+09
1.646812179880867958e+09 1.646812179889950991e+09 1.646812179935195684e+09
1.646812179912537575e+09 1.646812179923887730e+09 1.646812179990103722e+09
1.646812179980259657e+09 1.646812179988021612e+09 1.646812180044690132e+09
1.646812180048618317e+09 1.646812180055495262e+09 1.646812180099204302e+09
1.646812180078871489e+09 1.646812180088565826e+09 1.646812180156547070e+09
1.646812180148805857e+09 1.646812180156885862e+09 1.646812180210608482e+09
1.646812180210552931e+09 1.646812180188536644e+09 1.646812180264994860e+09
1.646812180248070717e+09 1.646812180256046772e+09 1.646812180319705963e+09
1.646812180311988831e+09 1.646812180321388721e+09 1.646812180375430584e+09
1.646812180380170345e+09 1.646812180387576580e+09 1.646812180428118229e+09
1.646812180412730217e+09 1.646812180422836781e+09 1.646812180485059023e+09
1.646812180481324911e+09 1.646812180488266230e+09 1.646812180542995691e+09
1.646812180548346043e+09 1.646812180556689739e+09 1.646812180598956823e+09
1.646812180580529690e+09 1.646812180587314844e+09 1.646812180650378704e+09
1.646812180647446632e+09 1.646812180656167746e+09 1.646812180706926346e+09
1.646812180712820530e+09 1.646812180723264694e+09 1.646812180761762619e+09
1.646812180746126175e+09 1.646812180755272865e+09 1.646812180819361687e+09
1.646812180813425779e+09 1.646812180824281931e+09 1.646812180869801760e+09
1.646812180846055269e+09 1.646812180854208231e+09 1.646812180921019554e+09
1.646812180913004875e+09 1.646812180923638582e+09 1.646812180976532936e+09
1.646812183748447657e+09 1.646812183756835699e+09 1.646812183753098726e+09
1.646812183779213905e+09 1.646812183787464619e+09 1.646812183808157921e+09
1.646812183846903086e+09 1.646812183855982065e+09 1.646812183863423824e+09
1.646812183912677288e+09 1.646812183923232079e+09 1.646812183919849157e+09
1.646812183948094130e+09 1.646812183955335617e+09 1.646812183975392103e+09
1.646812184013819695e+09 1.646812184023237705e+09 1.646812184030042648e+09
1.646812184078415632e+09 1.646812184085611105e+09 1.646812184084486485e+09
1.646812184111386061e+09 1.646812184124115705e+09 1.646812184138833761e+09
1.646812184178998232e+09 1.646812184184361696e+09 1.646812184191343546e+09
1.646812184248567343e+09 1.646812184257129431e+09 1.646812184250046253e+09
1.646812184278964520e+09 1.646812184285629034e+09 1.646812184305752039e+09
1.646812184347291231e+09 1.646812184356704473e+09 1.646812184362557411e+09
1.646812184411156893e+09 1.646812184424399376e+09 1.646812184416502714e+09
1.646812184444902182e+09 1.646812184454514027e+09 1.646812184470936298e+09
1.646812184512538195e+09 1.646812184524753809e+09 1.646812184529683828e+09
1.646812184579073906e+09 1.646812184588232994e+09 1.646812184584314346e+09
1.646812184614686489e+09 1.646812184624305010e+09 1.646812184635108709e+09
1.646812184680189133e+09 1.646812184689203501e+09 1.646812184690232038e+09
1.646812184747843266e+09 1.646812184756107330e+09 1.646812184747386456e+09
1.646812184779486656e+09 1.646812184789587736e+09 1.646812184801667690e+09
1.646812184847337961e+09 1.646812184856067419e+09 1.646812184857395172e+09
1.646812184912948370e+09 1.646812184923089743e+09 1.646812184915552616e+09
1.646812184948840380e+09 1.646812184955627680e+09 1.646812184971279621e+09
1.646812185016555071e+09 1.646812185022845507e+09 1.646812185025079250e+09
1.646812185080655813e+09 1.646812185089712143e+09 1.646812185082075596e+09
1.646812185112621069e+09 1.646812185124951839e+09 1.646812185133073807e+09
1.646812185180778027e+09 1.646812185187590837e+09 1.646812185188162088e+09
1.646812185246556759e+09 1.646812185255419731e+09 1.646812185241874933e+09
1.646812185280511856e+09 1.646812185288077116e+09 1.646812185297167301e+09
1.646812185348297834e+09 1.646812185357144594e+09 1.646812185352827311e+09
1.646812188214927912e+09 1.646812188222765684e+09 1.646812188271790028e+09
1.646812188248465300e+09 1.646812188256125689e+09 1.646812188325185061e+09
1.646812188311682224e+09 1.646812188320263386e+09 1.646812188382481575e+09
1.646812188380730391e+09 1.646812188387649536e+09 1.646812188438316345e+09
1.646812188413645267e+09 1.646812188424401999e+09 1.646812188492832422e+09
1.646812188477368832e+09 1.646812188486873150e+09 1.646812188548157454e+09
1.646812188549413919e+09 1.646812188556160927e+09 1.646812188599223375e+09
1.646812188579243183e+09 1.646812188588207960e+09 1.646812188656055450e+09
1.646812188648727655e+09 1.646812188656923056e+09 1.646812188714625120e+09
1.646812188714143515e+09 1.646812188723833084e+09 1.646812188770618916e+09
1.646812188748868704e+09 1.646812188755905390e+09 1.646812188825480461e+09
1.646812188816294193e+09 1.646812188824201822e+09 1.646812188881046295e+09
1.646812188879671335e+09 1.646812188887873173e+09 1.646812188936692476e+09
1.646812188913105488e+09 1.646812188921869516e+09 1.646812188989707232e+09
1.646812188979791403e+09 1.646812188986502647e+09 1.646812189048314571e+09
1.646812189049883604e+09 1.646812189056405544e+09 1.646812189106509209e+09
1.646812189112130404e+09 1.646812189124840021e+09 1.646812189163461685e+09
1.646812189150203228e+09 1.646812189155724049e+09 1.646812189220525503e+09
1.646812189217276096e+09 1.646812189224916697e+09 1.646812189277302980e+09
1.646812189280743122e+09 1.646812189288439751e+09 1.646812189333114147e+09
1.646812189310946703e+09 1.646812189323344946e+09 1.646812189386622429e+09
1.646812189379042387e+09 1.646812189387577772e+09 1.646812189444127321e+09
1.646812189447780848e+09 1.646812189455389023e+09 1.646812189499243498e+09
1.646812189479980230e+09 1.646812189487092018e+09 1.646812189554910898e+09
1.646812189549037933e+09 1.646812189557044029e+09 1.646812189613319397e+09
1.646812189617013454e+09 1.646812189623706818e+09 1.646812189667574644e+09
1.646812189647231817e+09 1.646812189655737400e+09 1.646812189720650911e+09
1.646812189711963892e+09 1.646812189721305847e+09 1.646812189776680470e+09
1.646812189779951572e+09 1.646812189786272526e+09 1.646812189833033562e+09
1.646812189816204786e+09 1.646812189824167728e+09 1.646812189887788534e+09
1.646812192547424793e+09 1.646812192553464413e+09 1.646812192603029728e+09
1.646812192580212116e+09 1.646812192587865114e+09 1.646812192657212734e+09
1.646812192646732569e+09 1.646812192653465509e+09 1.646812192715253592e+09
1.646812192712342262e+09 1.646812192723257780e+09 1.646812192770533562e+09
1.646812192748043776e+09 1.646812192754112005e+09 1.646812192825533867e+09
1.646812192816648006e+09 1.646812192824035168e+09 1.646812192881027222e+09
1.646812192879649878e+09 1.646812192887773275e+09 1.646812192933570862e+09
1.646812192910337448e+09 1.646812192923123121e+09 1.646812192987742186e+09
1.646812192980059147e+09 1.646812192987722397e+09 1.646812193044178963e+09
1.646812193048461914e+09 1.646812193054188967e+09 1.646812193098729372e+09
1.646812193080351591e+09 1.646812193088067532e+09 1.646812193155354738e+09
1.646812193148396254e+09 1.646812193156546354e+09 1.646812193212425470e+09
1.646812193214926958e+09 1.646812193223145485e+09 1.646812193266471148e+09
1.646812193246597052e+09 1.646812193256613970e+09 1.646812193319422007e+09
1.646812193311786413e+09 1.646812193322516203e+09 1.646812193375198126e+09
1.646812193378951311e+09 1.646812193386034966e+09 1.646812193429644108e+09
1.646812193415521383e+09 1.646812193424376011e+09 1.646812193485997677e+09
1.646812193480320454e+09 1.646812193489136934e+09 1.646812193549962521e+09
1.646812193547512770e+09 1.646812193557215691e+09 1.646812193606062174e+09
1.646812193578864813e+09 1.646812193587461233e+09 1.646812193660018206e+09
1.646812193649051905e+09 1.646812193656239271e+09 1.646812193718179226e+09
1.646812193712657928e+09 1.646812193722478867e+09 1.646812193774427891e+09
1.646812193745622158e+09 1.646812193751642227e+09 1.646812193827783346e+09
1.646812193813528538e+09 1.646812193822916508e+09 1.646812193884742975e+09
1.646812193880262613e+09 1.646812193889095783e+09 1.646812193939806461e+09
1.646812193946612597e+09 1.646812193953629255e+09 1.646812193995896339e+09
1.646812193979983807e+09 1.646812193988192797e+09 1.646812194050537586e+09
1.646812194046509981e+09 1.646812194055544376e+09 1.646812194107046366e+09
1.646812194079216480e+09 1.646812194087682724e+09 1.646812194161969662e+09
1.646812194146807194e+09 1.646812194155696630e+09 1.646812194219931126e+09
1.646812196680865049e+09 1.646812196687642574e+09 1.646812196750754833e+09
1.646812196748260260e+09 1.646812196756982088e+09 1.646812196807030439e+09
1.646812196813838482e+09 1.646812196822807550e+09 1.646812196862637281e+09
1.646812196847747803e+09 1.646812196855628967e+09 1.646812196921391010e+09
1.646812196912395954e+09 1.646812196922751188e+09 1.646812196982747555e+09
1.646812196981267214e+09 1.646812196985543013e+09 1.646812197038521528e+09
1.646812197014613390e+09 1.646812197022839785e+09 1.646812197093893051e+09
1.646812197078344107e+09 1.646812197088025331e+09 1.646812197155161858e+09
1.646812197151044369e+09 1.646812197156994343e+09 1.646812197217023373e+09
1.646812197216638565e+09 1.646812197223222733e+09 1.646812197270714283e+09
1.646812197276850700e+09 1.646812197255454540e+09 1.646812197324536324e+09
1.646812197316432238e+09 1.646812197323167801e+09 1.646812197380757093e+09
1.646812197378828049e+09 1.646812197389080524e+09 1.646812197434786558e+09
1.646812197413447142e+09 1.646812197423007250e+09 1.646812197489779472e+09
1.646812197480253696e+09 1.646812197488185167e+09 1.646812197548111200e+09
1.646812197548000813e+09 1.646812197556416750e+09 1.646812197603517532e+09
1.646812197578178883e+09 1.646812197584687710e+09 1.646812197659573555e+09
1.646812197648568392e+09 1.646812197657122374e+09 1.646812197715797663e+09
1.646812197714557171e+09 1.646812197722820044e+09 1.646812197770637512e+09
1.646812197746088982e+09 1.646812197755880594e+09 1.646812197827075958e+09
1.646812197816541195e+09 1.646812197823478699e+09 1.646812197884760857e+09
1.646812197880934715e+09 1.646812197891247988e+09 1.646812197939083338e+09
1.646812197916471481e+09 1.646812197921570778e+09 1.646812197989994764e+09
1.646812197979907751e+09 1.646812197986916304e+09 1.646812198041523218e+09
1.646812198046140194e+09 1.646812198055535316e+09 1.646812198094056606e+09
1.646812198080424547e+09 1.646812198086634398e+09 1.646812198148635626e+09
1.646812198145342112e+09 1.646812198155036449e+09 1.646812198202825069e+09
1.646812198178600788e+09 1.646812198188534260e+09 1.646812198256994486e+09
1.646812198246199131e+09 1.646812198254233360e+09 1.646812198309656858e+09
1.646812198311872244e+09 1.646812198323268175e+09 1.646812198365670443e+09
1.646812200815170288e+09 1.646812200824509144e+09 1.646812200829314232e+09
1.646812200878768444e+09 1.646812200887736559e+09 1.646812200884365320e+09
1.646812200914521456e+09 1.646812200922226429e+09 1.646812200939654350e+09
1.646812200978285313e+09 1.646812200987518311e+09 1.646812200995215416e+09
1.646812201048622847e+09 1.646812201056819677e+09 1.646812201052071571e+09
1.646812201078264713e+09 1.646812201086876869e+09 1.646812201103276014e+09
1.646812201147133112e+09 1.646812201155018330e+09 1.646812201157639980e+09
1.646812201215386391e+09 1.646812201223219872e+09 1.646812201212806463e+09
1.646812201248577356e+09 1.646812201255854368e+09 1.646812201266778469e+09
1.646812201316199780e+09 1.646812201324797630e+09 1.646812201323214054e+09
1.646812201381017447e+09 1.646812201387092829e+09 1.646812201380131483e+09
1.646812201415754795e+09 1.646812201423113108e+09 1.646812201434234381e+09
1.646812201478894234e+09 1.646812201487437725e+09 1.646812201487177372e+09
1.646812201546806574e+09 1.646812201554799557e+09 1.646812201542201757e+09
1.646812201578765392e+09 1.646812201585386515e+09 1.646812201598049879e+09
1.646812201647760391e+09 1.646812201655727863e+09 1.646812201653589725e+09
1.646812201678890944e+09 1.646812201687418699e+09 1.646812201711237669e+09
1.646812201746457815e+09 1.646812201755560160e+09 1.646812201767077208e+09
1.646812201811108589e+09 1.646812201824791193e+09 1.646812201822075367e+09
1.646812201878348827e+09 1.646812201886965513e+09 1.646812201876548529e+09
1.646812201916384935e+09 1.646812201922923088e+09 1.646812201929358482e+09
1.646812201980818272e+09 1.646812201988762140e+09 1.646812201985074282e+09
1.646812202014887333e+09 1.646812202021919966e+09 1.646812202039697409e+09
1.646812202079817057e+09 1.646812202088750601e+09 1.646812202093782187e+09
1.646812202145584106e+09 1.646812202155715227e+09 1.646812202148857832e+09
1.646812202179962397e+09 1.646812202187499285e+09 1.646812202203289032e+09
1.646812202248531342e+09 1.646812202255878687e+09 1.646812202258131504e+09
1.646812202317620754e+09 1.646812202323256254e+09 1.646812202316397905e+09
1.646812202348294497e+09 1.646812202355530500e+09 1.646812202370738029e+09
1.646812202415365696e+09 1.646812202424211740e+09 1.646812202426288128e+09
1.646812205116481781e+09 1.646812205122601032e+09 1.646812205166819334e+09
1.646812205146248341e+09 1.646812205154741049e+09 1.646812205224115372e+09
1.646812205215943575e+09 1.646812205223315716e+09 1.646812205281071901e+09
1.646812205279281855e+09 1.646812205288591385e+09 1.646812205338091373e+09
1.646812205314507961e+09 1.646812205322969198e+09 1.646812205392742157e+09
1.646812205378096819e+09 1.646812205385165930e+09 1.646812205448479414e+09
1.646812205447199821e+09 1.646812205455387592e+09 1.646812205499644518e+09
1.646812205479052305e+09 1.646812205486224651e+09 1.646812205553306341e+09
1.646812205546752214e+09 1.646812205555184603e+09 1.646812205609715939e+09
1.646812205614598513e+09 1.646812205622526884e+09 1.646812205667277336e+09
1.646812205645907640e+09 1.646812205654075623e+09 1.646812205722587347e+09
1.646812205716100693e+09 1.646812205723224878e+09 1.646812205779526234e+09
1.646812205780573130e+09 1.646812205786469460e+09 1.646812205834645987e+09
1.646812205814207554e+09 1.646812205823513031e+09 1.646812205889478207e+09
1.646812205880130768e+09 1.646812205887528419e+09 1.646812205948259830e+09
1.646812205949319839e+09 1.646812205957154036e+09 1.646812206003526211e+09
1.646812205981145382e+09 1.646812205986851215e+09 1.646812206058703899e+09
1.646812206047196865e+09 1.646812206055468082e+09 1.646812206115379572e+09
1.646812206116349936e+09 1.646812206123425245e+09 1.646812206171267748e+09
1.646812206178703308e+09 1.646812206184243917e+09 1.646812206226519585e+09
1.646812206216994047e+09 1.646812206225457668e+09 1.646812206285098314e+09
1.646812206280510664e+09 1.646812206287688255e+09 1.646812206338985205e+09
1.646812206314175844e+09 1.646812206323395491e+09 1.646812206392405987e+09
1.646812206379454374e+09 1.646812206385926962e+09 1.646812206452792168e+09
1.646812206448946238e+09 1.646812206455128908e+09 1.646812206506844044e+09
1.646812206511760473e+09 1.646812206523552179e+09 1.646812206561280489e+09
1.646812206547891140e+09 1.646812206554877996e+09 1.646812206617659330e+09
1.646812206616239071e+09 1.646812206623417616e+09 1.646812206671399117e+09
1.646812206677914619e+09 1.646812206685153484e+09 1.646812206725115538e+09
1.646812206716331005e+09 1.646812206723331213e+09 1.646812206780869722e+09
1.646812209148172379e+09 1.646812209156554222e+09 1.646812209197782040e+09
1.646812209180479050e+09 1.646812209186578274e+09 1.646812209256170988e+09
1.646812209248007059e+09 1.646812209255893946e+09 1.646812209311463356e+09
1.646812209314905167e+09 1.646812209321096420e+09 1.646812209365932703e+09
1.646812209344871521e+09 1.646812209354980946e+09 1.646812209421622515e+09
1.646812209415903330e+09 1.646812209423738718e+09 1.646812209473626614e+09
1.646812209476979256e+09 1.646812209486992598e+09 1.646812209525927305e+09
1.646812209514300108e+09 1.646812209521266699e+09 1.646812209582720757e+09
1.646812209578500271e+09 1.646812209586610317e+09 1.646812209637929916e+09
1.646812209615194559e+09 1.646812209622861624e+09 1.646812209694103956e+09
1.646812209677372217e+09 1.646812209687552452e+09 1.646812209750200033e+09
1.646812209747550488e+09 1.646812209756280899e+09 1.646812209804745197e+09
1.646812209779234648e+09 1.646812209787613392e+09 1.646812209859172344e+09
1.646812209844680786e+09 1.646812209853688240e+09 1.646812209914273977e+09
1.646812209914322376e+09 1.646812209920851707e+09 1.646812209969276428e+09
1.646812209942375660e+09 1.646812209953997374e+09 1.646812210022160530e+09
1.646812210014073133e+09 1.646812210020742416e+09 1.646812210082044363e+09
1.646812210080243349e+09 1.646812210087826729e+09 1.646812210133789778e+09
1.646812210115874529e+09 1.646812210124417067e+09 1.646812210186510324e+09
1.646812210178566456e+09 1.646812210187433720e+09 1.646812210241624117e+09
1.646812210247904778e+09 1.646812210253717184e+09 1.646812210296469450e+09
1.646812210278312445e+09 1.646812210285197735e+09 1.646812210352703571e+09
1.646812210347183943e+09 1.646812210356045723e+09 1.646812210403900623e+09
1.646812210377847910e+09 1.646812210386403084e+09 1.646812210457558155e+09
1.646812210447652817e+09 1.646812210454028368e+09 1.646812210513420582e+09
1.646812210515359163e+09 1.646812210521861315e+09 1.646812210567153454e+09
1.646812210544826508e+09 1.646812210554751158e+09 1.646812210621678352e+09
1.646812210616232872e+09 1.646812210622684479e+09 1.646812210679222107e+09
1.646812210678899288e+09 1.646812210687244892e+09 1.646812210733686686e+09
1.646812210713685036e+09 1.646812210723186016e+09 1.646812210786681890e+09
1.646812213514233828e+09 1.646812213522341013e+09 1.646812213570774794e+09
1.646812213547913313e+09 1.646812213555182934e+09 1.646812213624869108e+09
1.646812213614946127e+09 1.646812213621807098e+09 1.646812213678672791e+09
1.646812213676774025e+09 1.646812213686775446e+09 1.646812213733431578e+09
1.646812213714095116e+09 1.646812213723117113e+09 1.646812213788009167e+09
1.646812213778815031e+09 1.646812213786278725e+09 1.646812213845801353e+09
1.646812213847208500e+09 1.646812213854396343e+09 1.646812213901223898e+09
1.646812213878262281e+09 1.646812213885392189e+09 1.646812213955018520e+09
1.646812213946350574e+09 1.646812213954589367e+09 1.646812214009386301e+09
1.646812214010996819e+09 1.646812213986613989e+09 1.646812214063190937e+09
1.646812214046640396e+09 1.646812214053425312e+09 1.646812214118413210e+09
1.646812214116355181e+09 1.646812214123044014e+09 1.646812214175957918e+09
1.646812214180645704e+09 1.646812214187821627e+09 1.646812214232786179e+09
1.646812214213248968e+09 1.646812214222188711e+09 1.646812214285844803e+09
1.646812214278127909e+09 1.646812214284242392e+09 1.646812214341204882e+09
1.646812214345670700e+09 1.646812214354823351e+09 1.646812214396291018e+09
1.646812214375492334e+09 1.646812214386920214e+09 1.646812214452085495e+09
1.646812214446758986e+09 1.646812214455257177e+09 1.646812214506577730e+09
1.646812214477849483e+09 1.646812214485635996e+09 1.646812214560410023e+09
1.646812214543985367e+09 1.646812214554389954e+09 1.646812214621466875e+09
1.646812214614848614e+09 1.646812214623985052e+09 1.646812214680765152e+09
1.646812214678076744e+09 1.646812214687121630e+09 1.646812214735177040e+09
1.646812214714460850e+09 1.646812214723524094e+09 1.646812214789773941e+09
1.646812214778721333e+09 1.646812214786714554e+09 1.646812214846816301e+09
1.646812214847191095e+09 1.646812214855258465e+09 1.646812214903277159e+09
1.646812214877307177e+09 1.646812214885965109e+09 1.646812214956707478e+09
1.646812214946818352e+09 1.646812214954484701e+09 1.646812215018638849e+09
1.646812215015915632e+09 1.646812215023678541e+09 1.646812215073732138e+09
1.646812215079972029e+09 1.646812215086019516e+09 1.646812215127745867e+09
1.646812215113535643e+09 1.646812215121906519e+09 1.646812215187675714e+09
1.646812218115885258e+09 1.646812218122941494e+09 1.646812218170191288e+09
1.646812218175530672e+09 1.646812218185849428e+09 1.646812218223986626e+09
1.646812218213959694e+09 1.646812218221911669e+09 1.646812218280764341e+09
1.646812218278776884e+09 1.646812218286966801e+09 1.646812218338208675e+09
1.646812218344033241e+09 1.646812218323353529e+09 1.646812218390145063e+09
1.646812218379176378e+09 1.646812218386215687e+09 1.646812218452377319e+09
1.646812218448753119e+09 1.646812218454241991e+09 1.646812218513580799e+09
1.646812218514175653e+09 1.646812218522454739e+09 1.646812218570741415e+09
1.646812218576464891e+09 1.646812218585927010e+09 1.646812218624299765e+09
1.646812218617133141e+09 1.646812218622469902e+09 1.646812218677546978e+09
1.646812218674247026e+09 1.646812218686436176e+09 1.646812218731195927e+09
1.646812218712822437e+09 1.646812218723656416e+09 1.646812218785964727e+09
1.646812218778360844e+09 1.646812218787586212e+09 1.646812218843460083e+09
1.646812218847050428e+09 1.646812218854196072e+09 1.646812218899213314e+09
1.646812218876850605e+09 1.646812218885456800e+09 1.646812218953711987e+09
1.646812218945430756e+09 1.646812218955058336e+09 1.646812219007530212e+09
1.646812218977100849e+09 1.646812218986842394e+09 1.646812219062652111e+09
1.646812219046045780e+09 1.646812219054376364e+09 1.646812219116941214e+09
1.646812219114602327e+09 1.646812219122521162e+09 1.646812219171229124e+09
1.646812219144910336e+09 1.646812219154611349e+09 1.646812219224306107e+09
1.646812219214408875e+09 1.646812219219738722e+09 1.646812219280211210e+09
1.646812219279986858e+09 1.646812219287406683e+09 1.646812219334169626e+09
1.646812219315193176e+09 1.646812219322968721e+09 1.646812219390049458e+09
1.646812219378271580e+09 1.646812219387457609e+09 1.646812219445632935e+09
1.646812219446805239e+09 1.646812219454401970e+09 1.646812219501486778e+09
1.646812219476199865e+09 1.646812219486290216e+09 1.646812219556084156e+09
1.646812219545619726e+09 1.646812219554420471e+09 1.646812219609559536e+09
1.646812219610605001e+09 1.646812219622991085e+09 1.646812219667048693e+09
1.646812219642060041e+09 1.646812219653402567e+09 1.646812219722880602e+09
1.646812219715510368e+09 1.646812219722697496e+09 1.646812219778035879e+09
1.646812222313548326e+09 1.646812222323874474e+09 1.646812222389718771e+09
1.646812222378336668e+09 1.646812222386617661e+09 1.646812222445789337e+09
1.646812222448332787e+09 1.646812222454201937e+09 1.646812222502817869e+09
1.646812222478881121e+09 1.646812222484014750e+09 1.646812222556350946e+09
1.646812222546491623e+09 1.646812222553169489e+09 1.646812222611602545e+09
1.646812222614524364e+09 1.646812222620168686e+09 1.646812222665919304e+09
1.646812222647390127e+09 1.646812222656490088e+09 1.646812222720429897e+09
1.646812222715637445e+09 1.646812222721883059e+09 1.646812222778238058e+09
1.646812222781004190e+09 1.646812222787424564e+09 1.646812222833286047e+09
1.646812222813064337e+09 1.646812222823240042e+09 1.646812222886731148e+09
1.646812222878246546e+09 1.646812222885732412e+09 1.646812222942069292e+09
1.646812222946728468e+09 1.646812222955319405e+09 1.646812222996924400e+09
1.646812222978271961e+09 1.646812222987077236e+09 1.646812223051855803e+09
1.646812223046596050e+09 1.646812223056232214e+09 1.646812223104664803e+09
1.646812223077775955e+09 1.646812223084807158e+09 1.646812223158712626e+09
1.646812223145371199e+09 1.646812223152060986e+09 1.646812223216499567e+09
1.646812223213156462e+09 1.646812223221364021e+09 1.646812223273737431e+09
1.646812223278851271e+09 1.646812223287435055e+09 1.646812223331392050e+09
1.646812223315427780e+09 1.646812223321558237e+09 1.646812223385931969e+09
1.646812223378061295e+09 1.646812223386478424e+09 1.646812223441638947e+09
1.646812223446683884e+09 1.646812223453995943e+09 1.646812223495662928e+09
1.646812223479138851e+09 1.646812223487586975e+09 1.646812223549453497e+09
1.646812223546122551e+09 1.646812223554863453e+09 1.646812223603567362e+09
1.646812223578955412e+09 1.646812223586189508e+09 1.646812223657036066e+09
1.646812223645811081e+09 1.646812223651561499e+09 1.646812223713966131e+09
1.646812223716606617e+09 1.646812223722382069e+09 1.646812223770254374e+09
1.646812223745853901e+09 1.646812223756365538e+09 1.646812223824640036e+09
1.646812223815902472e+09 1.646812223823585749e+09 1.646812223879492760e+09
1.646812223876645327e+09 1.646812223884520292e+09 1.646812223933822393e+09
1.646812223913843393e+09 1.646812223922116756e+09 1.646812223988935947e+09
1.646812226614264011e+09 1.646812226619457483e+09 1.646812226681620598e+09
1.646812226678056240e+09 1.646812226686912060e+09 1.646812226738545895e+09
1.646812226712771177e+09 1.646812226721496820e+09 1.646812226793091297e+09
1.646812226777934551e+09 1.646812226785870552e+09 1.646812226847459555e+09
1.646812226846247196e+09 1.646812226851822853e+09 1.646812226906506777e+09
1.646812226913542032e+09 1.646812226921394825e+09 1.646812226961507320e+09
1.646812226949030638e+09 1.646812226955245972e+09 1.646812227016398668e+09
1.646812227015402555e+09 1.646812227022073746e+09 1.646812227071130276e+09
1.646812227077037573e+09 1.646812227084412575e+09 1.646812227126873016e+09
1.646812227114687681e+09 1.646812227122441769e+09 1.646812227182067394e+09
1.646812227178059578e+09 1.646812227186883211e+09 1.646812227237800598e+09
1.646812227212008715e+09 1.646812227222064018e+09 1.646812227292763948e+09
1.646812227276557207e+09 1.646812227284835577e+09 1.646812227349305153e+09
1.646812227346309662e+09 1.646812227355427980e+09 1.646812227403796673e+09
1.646812227377169609e+09 1.646812227385042906e+09 1.646812227457729101e+09
1.646812227444748640e+09 1.646812227453234911e+09 1.646812227512550831e+09
1.646812227514856100e+09 1.646812227521669865e+09 1.646812227568944693e+09
1.646812227545214891e+09 1.646812227554048538e+09 1.646812227623547077e+09
1.646812227614350796e+09 1.646812227621494293e+09 1.646812227683309317e+09
1.646812227678269863e+09 1.646812227686763048e+09 1.646812227737204313e+09
1.646812227746523857e+09 1.646812227722560167e+09 1.646812227791794062e+09
1.646812227777199984e+09 1.646812227783569336e+09 1.646812227846800089e+09
1.646812227845413923e+09 1.646812227853416920e+09 1.646812227902878284e+09
1.646812227879723549e+09 1.646812227884717226e+09 1.646812227956458092e+09
1.646812227946715355e+09 1.646812227953579426e+09 1.646812228014724255e+09
1.646812228017260790e+09 1.646812228022747993e+09 1.646812228069130898e+09
1.646812228043751955e+09 1.646812228055127621e+09 1.646812228121734619e+09
1.646812228109922886e+09 1.646812228118937254e+09 1.646812228179044724e+09
1.646812228178448439e+09 1.646812228186820745e+09 1.646812228233887672e+09
1.646812228215505123e+09 1.646812228222116470e+09 1.646812228287723541e+09
1.646812230615114689e+09 1.646812230621733427e+09 1.646812230637216806e+09
1.646812230678207636e+09 1.646812230686807632e+09 1.646812230691452742e+09
1.646812230747919083e+09 1.646812230755805016e+09 1.646812230747783422e+09
1.646812230776458025e+09 1.646812230784453392e+09 1.646812230802284002e+09
1.646812230847623348e+09 1.646812230854251862e+09 1.646812230856249571e+09
1.646812230914644480e+09 1.646812230921371698e+09 1.646812230912752628e+09
1.646812230945300341e+09 1.646812230952248812e+09 1.646812230967175007e+09
1.646812231014385223e+09 1.646812231022630453e+09 1.646812231021194935e+09
1.646812231079234838e+09 1.646812231085794926e+09 1.646812231082559586e+09
1.646812231112257242e+09 1.646812231122602224e+09 1.646812231136523008e+09
1.646812231179105520e+09 1.646812231187743187e+09 1.646812231190617323e+09
1.646812231246518612e+09 1.646812231253118753e+09 1.646812231245804787e+09
1.646812231279716492e+09 1.646812231286764383e+09 1.646812231301514864e+09
1.646812231347960949e+09 1.646812231355000019e+09 1.646812231355075598e+09
1.646812231414908171e+09 1.646812231422122478e+09 1.646812231411845684e+09
1.646812231445426702e+09 1.646812231453100443e+09 1.646812231468207836e+09
1.646812231513922930e+09 1.646812231522083282e+09 1.646812231523461342e+09
1.646812231574004173e+09 1.646812231585832357e+09 1.646812231576754332e+09
1.646812231615292788e+09 1.646812231622212172e+09 1.646812231630534649e+09
1.646812231679600954e+09 1.646812231687425137e+09 1.646812231686261654e+09
1.646812231746593714e+09 1.646812231754011869e+09 1.646812231743058443e+09
1.646812231778975725e+09 1.646812231787786484e+09 1.646812231797696114e+09
1.646812231846879005e+09 1.646812231855382681e+09 1.646812231853302717e+09
1.646812231910480976e+09 1.646812231886651754e+09 1.646812231906439066e+09
1.646812231946148634e+09 1.646812231952816963e+09 1.646812231960201740e+09
1.646812232013837337e+09 1.646812232022172451e+09 1.646812232016086817e+09
1.646812232045964003e+09 1.646812232054317474e+09 1.646812232072947741e+09
1.646812232113102674e+09 1.646812232118905783e+09 1.646812232123842955e+09
1.646812232180476427e+09 1.646812232186095476e+09 1.646812232183633804e+09
1.646812232214433908e+09 1.646812232221783876e+09 1.646812232238535643e+09
1.646812234845139265e+09 1.646812234852263212e+09 1.646812234891789198e+09
1.646812234877086163e+09 1.646812234883077145e+09 1.646812234953718901e+09
1.646812234949638605e+09 1.646812234953985691e+09 1.646812235010397434e+09
1.646812235011884451e+09 1.646812235023067236e+09 1.646812235062763214e+09
1.646812235045639277e+09 1.646812235053891182e+09 1.646812235120359182e+09
1.646812235116139174e+09 1.646812235123008728e+09 1.646812235178664684e+09
1.646812235178996086e+09 1.646812235186479568e+09 1.646812235231400490e+09
1.646812235215691566e+09 1.646812235222623348e+09 1.646812235285872221e+09
1.646812235278554678e+09 1.646812235287046671e+09 1.646812235343124151e+09
1.646812235347338200e+09 1.646812235354935884e+09 1.646812235398547173e+09
1.646812235378844023e+09 1.646812235386478662e+09 1.646812235453058958e+09
1.646812235446007490e+09 1.646812235454190016e+09 1.646812235508303881e+09
1.646812235514188766e+09 1.646812235520467520e+09 1.646812235562350035e+09
1.646812235545887947e+09 1.646812235554198742e+09 1.646812235617232323e+09
1.646812235613568783e+09 1.646812235622059822e+09 1.646812235671719074e+09
1.646812235677102327e+09 1.646812235685877562e+09 1.646812235722869396e+09
1.646812235711958885e+09 1.646812235721077442e+09 1.646812235779297590e+09
1.646812235779595375e+09 1.646812235786540985e+09 1.646812235835846186e+09
1.646812235815522671e+09 1.646812235823385239e+09 1.646812235890666485e+09
1.646812235878706694e+09 1.646812235886357784e+09 1.646812235947451115e+09
1.646812235946015120e+09 1.646812235954938173e+09 1.646812236002035379e+09
1.646812235976428747e+09 1.646812235984768867e+09 1.646812236056713820e+09
1.646812236044956684e+09 1.646812236054490566e+09 1.646812236114746094e+09
1.646812236116281748e+09 1.646812236122486353e+09 1.646812236169607639e+09
1.646812236145359278e+09 1.646812236152461290e+09 1.646812236225809097e+09
1.646812236215948105e+09 1.646812236222675085e+09 1.646812236281239271e+09
1.646812236277594805e+09 1.646812236287039518e+09 1.646812236341867447e+09
1.646812236346765518e+09 1.646812236354207277e+09 1.646812236393475056e+09
1.646812236377129793e+09 1.646812236385632515e+09 1.646812236450890541e+09
1.646812236446402073e+09 1.646812236452946186e+09 1.646812236504801989e+09
