1646903924.430 1646903924.440 1646903924.508
1646903924.499 1646903924.507 1646903924.563
1646903924.564 1646903924.571 1646903924.618
1646903924.601 1646903924.608 1646903924.673
1646903924.665 1646903924.677 1646903924.728
1646903924.733 1646903924.739 1646903924.782
1646903924.764 1646903924.773 1646903924.838
1646903924.833 1646903924.841 1646903924.889
1646903924.864 1646903924.871 1646903924.944
1646903924.932 1646903924.940 1646903925.002
1646903925.000 1646903925.008 1646903925.053
1646903925.032 1646903925.040 1646903925.107
1646903925.100 1646903925.106 1646903925.167
1646903925.167 1646903925.174 1646903925.222
1646903925.199 1646903925.209 1646903925.277
1646903925.264 1646903925.274 1646903925.331
1646903925.331 1646903925.339 1646903925.382
1646903925.365 1646903925.374 1646903925.434
1646903925.431 1646903925.441 1646903925.492
1646903925.464 1646903925.472 1646903925.546
1646903925.533 1646903925.541 1646903925.600
1646903925.601 1646903925.606 1646903925.656
1646903925.632 1646903925.640 1646903925.709
1646903925.700 1646903925.705 1646903925.765
1646903925.764 1646903925.777 1646903925.819
1646903925.801 1646903925.809 1646903925.874
1646903925.865 1646903925.873 1646903925.929
1646903925.933 1646903925.940 1646903925.983
1646903925.964 1646903925.977 1646903926.039
1646903926.031 1646903926.041 1646903926.094
1646903930.131 1646903930.139 1646903930.180
1646903930.165 1646903930.174 1646903930.234
1646903930.229 1646903930.239 1646903930.291
1646903930.264 1646903930.273 1646903930.344
1646903930.332 1646903930.339 1646903930.400
1646903930.403 1646903930.408 1646903930.455
1646903930.434 1646903930.439 1646903930.509
1646903930.499 1646903930.506 1646903930.562
1646903930.560 1646903930.540 1646903930.617
1646903930.600 1646903930.609 1646903930.673
1646903930.666 1646903930.677 1646903930.731
1646903930.734 1646903930.740 1646903930.786
1646903930.765 1646903930.777 1646903930.844
1646903930.833 1646903930.841 1646903930.901
1646903930.902 1646903930.911 1646903930.957
1646903930.964 1646903930.938 1646903931.011
1646903931.002 1646903931.009 1646903931.068
1646903931.065 1646903931.076 1646903931.119
1646903931.101 1646903931.108 1646903931.172
1646903931.164 1646903931.176 1646903931.229
1646903931.233 1646903931.241 1646903931.283
1646903931.265 1646903931.277 1646903931.338
1646903931.333 1646903931.342 1646903931.393
1646903931.397 1646903931.407 1646903931.448
1646903931.433 1646903931.441 1646903931.506
1646903931.501 1646903931.511 1646903931.561
1646903931.566 1646903931.575 1646903931.612
1646903931.600 1646903931.608 1646903931.669
1646903931.666 1646903931.676 1646903931.724
1646903931.701 1646903931.708 1646903931.778
1646903935.465 1646903935.475 1646903935.514
1646903935.498 1646903935.508 1646903935.571
1646903935.563 1646903935.577 1646903935.628
1646903935.632 1646903935.642 1646903935.683
1646903935.663 1646903935.677 1646903935.738
1646903935.732 1646903935.740 1646903935.795
1646903935.764 1646903935.776 1646903935.850
1646903935.832 1646903935.837 1646903935.907
1646903935.901 1646903935.909 1646903935.963
1646903935.965 1646903935.940 1646903936.019
1646903935.999 1646903936.005 1646903936.073
1646903936.063 1646903936.076 1646903936.129
1646903936.132 1646903936.140 1646903936.184
1646903936.165 1646903936.176 1646903936.236
1646903936.232 1646903936.240 1646903936.291
1646903936.264 1646903936.276 1646903936.345
1646903936.333 1646903936.341 1646903936.401
1646903936.400 1646903936.408 1646903936.455
1646903936.431 1646903936.437 1646903936.509
1646903936.496 1646903936.505 1646903936.561
1646903936.560 1646903936.539 1646903936.615
1646903936.600 1646903936.609 1646903936.669
1646903936.665 1646903936.676 1646903936.723
1646903936.700 1646903936.707 1646903936.777
1646903936.764 1646903936.776 1646903936.837
1646903936.832 1646903936.840 1646903936.889
1646903936.864 1646903936.877 1646903936.948
1646903936.933 1646903936.943 1646903937.005
1646903937.002 1646903937.009 1646903937.060
1646903937.065 1646903937.075 1646903937.114
1646903941.001 1646903941.008 1646903941.025
1646903941.063 1646903941.075 1646903941.081
1646903941.132 1646903941.141 1646903941.136
1646903941.165 1646903941.176 1646903941.191
1646903941.228 1646903941.240 1646903941.245
1646903941.300 1646903941.306 1646903941.301
1646903941.332 1646903941.339 1646903941.352
1646903941.401 1646903941.409 1646903941.408
1646903941.466 1646903941.477 1646903941.466
1646903941.501 1646903941.508 1646903941.521
1646903941.565 1646903941.577 1646903941.576
1646903941.633 1646903941.641 1646903941.632
1646903941.669 1646903941.676 1646903941.686
1646903941.734 1646903941.741 1646903941.742
1646903941.802 1646903941.809 1646903941.800
1646903941.836 1646903941.840 1646903941.855
1646903941.901 1646903941.909 1646903941.909
1646903941.964 1646903941.940 1646903941.965
1646903941.999 1646903942.007 1646903942.019
1646903942.066 1646903942.076 1646903942.073
1646903942.133 1646903942.140 1646903942.127
1646903942.165 1646903942.176 1646903942.182
1646903942.232 1646903942.240 1646903942.237
1646903942.267 1646903942.277 1646903942.295
1646903942.332 1646903942.337 1646903942.351
1646903942.396 1646903942.407 1646903942.405
1646903942.430 1646903942.438 1646903942.462
1646903942.500 1646903942.505 1646903942.514
1646903942.564 1646903942.575 1646903942.570
1646903942.600 1646903942.609 1646903942.626
1646903949.133 1646903949.140 1646903949.202
1646903949.200 1646903949.212 1646903949.257
1646903949.229 1646903949.239 1646903949.312
1646903949.296 1646903949.308 1646903949.370
1646903949.369 1646903949.339 1646903949.425
1646903949.431 1646903949.432 1646903949.481
1646903949.469 1646903949.483 1646903949.537
1646903949.533 1646903949.542 1646903949.590
1646903949.563 1646903949.574 1646903949.644
1646903949.630 1646903949.637 1646903949.698
1646903949.703 1646903949.708 1646903949.751
1646903949.733 1646903949.739 1646903949.807
1646903949.800 1646903949.808 1646903949.863
1646903949.868 1646903949.875 1646903949.918
1646903949.900 1646903949.907 1646903949.975
1646903949.963 1646903949.973 1646903950.030
1646903950.032 1646903950.041 1646903950.083
1646903950.067 1646903950.075 1646903950.138
1646903950.131 1646903950.140 1646903950.194
1646903950.164 1646903950.174 1646903950.249
1646903950.240 1646903950.240 1646903950.300
1646903950.299 1646903950.308 1646903950.355
1646903950.328 1646903950.340 1646903950.409
1646903950.400 1646903950.413 1646903950.467
1646903950.470 1646903950.476 1646903950.518
1646903950.498 1646903950.505 1646903950.571
1646903950.563 1646903950.576 1646903950.624
1646903950.597 1646903950.608 1646903950.678
1646903950.667 1646903950.677 1646903950.732
1646903950.731 1646903950.740 1646903950.788
1646903957.069 1646903957.078 1646903957.127
1646903957.132 1646903957.139 1646903957.179
1646903957.165 1646903957.175 1646903957.234
1646903957.230 1646903957.240 1646903957.289
1646903957.268 1646903957.277 1646903957.342
1646903957.333 1646903957.340 1646903957.399
1646903957.400 1646903957.408 1646903957.453
1646903957.430 1646903957.438 1646903957.506
1646903957.498 1646903957.508 1646903957.560
1646903957.563 1646903957.539 1646903957.613
1646903957.599 1646903957.607 1646903957.668
1646903957.668 1646903957.674 1646903957.723
1646903957.698 1646903957.708 1646903957.778
1646903957.769 1646903957.777 1646903957.833
1646903957.829 1646903957.841 1646903957.886
1646903957.866 1646903957.876 1646903957.943
1646903957.932 1646903957.940 1646903957.998
1646903958.001 1646903958.007 1646903958.053
1646903958.032 1646903958.040 1646903958.107
1646903958.099 1646903958.109 1646903958.162
1646903958.163 1646903958.138 1646903958.216
1646903958.198 1646903958.208 1646903958.267
1646903958.267 1646903958.276 1646903958.319
1646903958.299 1646903958.308 1646903958.372
1646903958.364 1646903958.376 1646903958.427
1646903958.431 1646903958.439 1646903958.481
1646903958.466 1646903958.475 1646903958.537
1646903958.533 1646903958.541 1646903958.591
1646903958.564 1646903958.576 1646903958.647
1646903958.630 1646903958.639 1646903958.703
1646903963.230 1646903963.240 1646903963.287
1646903963.266 1646903963.274 1646903963.341
1646903963.332 1646903963.337 1646903963.394
1646903963.399 1646903963.407 1646903963.447
1646903963.430 1646903963.439 1646903963.504
1646903963.501 1646903963.509 1646903963.558
1646903963.563 1646903963.539 1646903963.612
1646903963.597 1646903963.607 1646903963.668
1646903963.669 1646903963.676 1646903963.722
1646903963.698 1646903963.706 1646903963.779
1646903963.762 1646903963.775 1646903963.838
1646903963.833 1646903963.841 1646903963.892
1646903963.899 1646903963.909 1646903963.949
1646903963.933 1646903963.940 1646903964.004
1646903964.000 1646903964.009 1646903964.059
1646903964.033 1646903964.039 1646903964.112
1646903964.098 1646903964.107 1646903964.167
1646903964.168 1646903964.176 1646903964.223
1646903964.201 1646903964.209 1646903964.277
1646903964.267 1646903964.275 1646903964.330
1646903964.331 1646903964.340 1646903964.385
1646903964.366 1646903964.373 1646903964.443
1646903964.432 1646903964.441 1646903964.495
1646903964.500 1646903964.509 1646903964.548
1646903964.534 1646903964.540 1646903964.603
1646903964.600 1646903964.608 1646903964.658
1646903964.631 1646903964.637 1646903964.711
1646903964.698 1646903964.707 1646903964.768
1646903964.765 1646903964.776 1646903964.823
1646903964.798 1646903964.806 1646903964.878
1646903968.000 1646903968.009 1646903968.067
1646903968.069 1646903968.075 1646903968.123
1646903968.099 1646903968.105 1646903968.178
1646903968.169 1646903968.177 1646903968.233
1646903968.231 1646903968.241 1646903968.286
1646903968.269 1646903968.277 1646903968.341
1646903968.332 1646903968.339 1646903968.395
1646903968.400 1646903968.407 1646903968.450
1646903968.430 1646903968.440 1646903968.506
1646903968.500 1646903968.510 1646903968.559
1646903968.530 1646903968.538 1646903968.613
1646903968.598 1646903968.607 1646903968.667
1646903968.667 1646903968.676 1646903968.722
1646903968.700 1646903968.739 1646903968.776
1646903968.772 1646903968.776 1646903968.830
1646903968.830 1646903968.840 1646903968.883
1646903968.867 1646903968.876 1646903968.939
1646903968.933 1646903968.941 1646903968.994
1646903968.999 1646903969.005 1646903969.048
1646903969.030 1646903969.039 1646903969.104
1646903969.100 1646903969.109 1646903969.157
1646903969.130 1646903969.138 1646903969.211
1646903969.198 1646903969.208 1646903969.267
1646903969.268 1646903969.276 1646903969.324
1646903969.331 1646903969.339 1646903969.378
1646903969.366 1646903969.374 1646903969.432
1646903969.430 1646903969.438 1646903969.486
1646903969.467 1646903969.476 1646903969.540
1646903969.530 1646903969.539 1646903969.594
1646903969.598 1646903969.607 1646903969.649
1646903973.501 1646903973.509 1646903973.573
1646903973.567 1646903973.577 1646903973.626
1646903973.631 1646903973.641 1646903973.681
1646903973.667 1646903973.676 1646903973.738
1646903973.733 1646903973.741 1646903973.789
1646903973.768 1646903973.775 1646903973.842
1646903973.833 1646903973.840 1646903973.895
1646903973.899 1646903973.908 1646903973.950
1646903973.930 1646903973.940 1646903974.004
1646903973.999 1646903974.005 1646903974.061
1646903974.029 1646903974.038 1646903974.115
1646903974.098 1646903974.107 1646903974.171
1646903974.168 1646903974.177 1646903974.224
1646903974.230 1646903974.207 1646903974.279
1646903974.266 1646903974.276 1646903974.337
1646903974.333 1646903974.341 1646903974.391
1646903974.367 1646903974.374 1646903974.445
1646903974.432 1646903974.441 1646903974.501
1646903974.500 1646903974.509 1646903974.552
1646903974.528 1646903974.538 1646903974.605
1646903974.596 1646903974.608 1646903974.658
1646903974.630 1646903974.638 1646903974.711
1646903974.699 1646903974.707 1646903974.763
1646903974.767 1646903974.775 1646903974.819
1646903974.800 1646903974.808 1646903974.874
1646903974.869 1646903974.876 1646903974.926
1646903974.930 1646903974.940 1646903974.979
1646903974.970 1646903974.975 1646903975.036
1646903975.033 1646903975.041 1646903975.091
1646903975.098 1646903975.108 1646903975.144
1646903978.566 1646903978.574 1646903978.637
1646903978.632 1646903978.640 1646903978.690
1646903978.697 1646903978.707 1646903978.744
1646903978.730 1646903978.739 1646903978.807
1646903978.803 1646903978.808 1646903978.862
1646903978.867 1646903978.907 1646903978.920
1646903978.934 1646903978.944 1646903978.974
1646903978.967 1646903978.980 1646903979.030
1646903979.032 1646903979.039 1646903979.081
1646903979.065 1646903979.077 1646903979.133
1646903979.129 1646903979.140 1646903979.190
1646903979.169 1646903979.178 1646903979.246
1646903979.252 1646903979.239 1646903979.300
1646903979.304 1646903979.308 1646903979.354
1646903979.333 1646903979.339 1646903979.408
1646903979.398 1646903979.408 1646903979.465
1646903979.467 1646903979.475 1646903979.519
1646903979.500 1646903979.508 1646903979.574
1646903979.564 1646903979.576 1646903979.638
1646903979.636 1646903979.641 1646903979.692
1646903979.698 1646903979.708 1646903979.745
1646903979.732 1646903979.739 1646903979.807
1646903979.800 1646903979.809 1646903979.861
1646903979.867 1646903979.874 1646903979.914
1646903979.899 1646903979.906 1646903979.969
1646903979.967 1646903979.973 1646903980.024
1646903980.030 1646903980.038 1646903980.079
1646903980.068 1646903980.074 1646903980.132
1646903980.131 1646903980.140 1646903980.186
1646903980.166 1646903980.175 1646903980.242
1646903983.733 1646903983.741 1646903983.792
1646903983.767 1646903983.774 1646903983.844
1646903983.830 1646903983.839 1646903983.899
1646903983.899 1646903983.907 1646903983.954
1646903983.962 1646903983.943 1646903984.009
1646903984.000 1646903984.008 1646903984.064
1646903984.068 1646903984.074 1646903984.118
1646903984.098 1646903984.108 1646903984.171
1646903984.162 1646903984.175 1646903984.230
1646903984.232 1646903984.238 1646903984.284
1646903984.266 1646903984.273 1646903984.339
1646903984.331 1646903984.337 1646903984.392
1646903984.399 1646903984.405 1646903984.449
1646903984.431 1646903984.439 1646903984.505
1646903984.500 1646903984.508 1646903984.561
1646903984.567 1646903984.574 1646903984.613
1646903984.600 1646903984.608 1646903984.671
1646903984.669 1646903984.676 1646903984.731
1646903984.731 1646903984.740 1646903984.786
1646903984.768 1646903984.775 1646903984.840
1646903984.832 1646903984.841 1646903984.894
1646903984.899 1646903984.908 1646903984.948
1646903984.931 1646903984.939 1646903985.003
1646903985.000 1646903985.008 1646903985.059
1646903985.031 1646903985.038 1646903985.112
1646903985.097 1646903985.106 1646903985.165
1646903985.166 1646903985.176 1646903985.218
1646903985.197 1646903985.208 1646903985.279
1646903985.267 1646903985.276 1646903985.335
1646903985.333 1646903985.339 1646903985.388
1646903989.002 1646903989.007 1646903989.075
1646903989.070 1646903989.077 1646903989.129
1646903989.134 1646903989.139 1646903989.183
1646903989.164 1646903989.173 1646903989.238
1646903989.232 1646903989.240 1646903989.291
1646903989.267 1646903989.274 1646903989.346
1646903989.331 1646903989.339 1646903989.402
1646903989.400 1646903989.405 1646903989.457
1646903989.430 1646903989.437 1646903989.511
1646903989.501 1646903989.508 1646903989.566
1646903989.567 1646903989.576 1646903989.620
1646903989.599 1646903989.606 1646903989.676
1646903989.668 1646903989.676 1646903989.734
1646903989.734 1646903989.741 1646903989.788
1646903989.765 1646903989.774 1646903989.841
1646903989.832 1646903989.838 1646903989.897
1646903989.901 1646903989.907 1646903989.950
1646903989.932 1646903989.940 1646903990.004
1646903990.000 1646903990.007 1646903990.060
1646903990.032 1646903990.039 1646903990.113
1646903990.102 1646903990.108 1646903990.169
1646903990.168 1646903990.176 1646903990.223
1646903990.230 1646903990.240 1646903990.278
1646903990.268 1646903990.276 1646903990.331
1646903990.328 1646903990.338 1646903990.390
1646903990.365 1646903990.376 1646903990.442
1646903990.430 1646903990.437 1646903990.497
1646903990.500 1646903990.507 1646903990.550
1646903990.532 1646903990.537 1646903990.603
1646903990.598 1646903990.606 1646903990.658
1646903995.300 1646903995.309 1646903995.364
1646903995.367 1646903995.376 1646903995.418
1646903995.400 1646903995.409 1646903995.471
1646903995.465 1646903995.476 1646903995.524
1646903995.531 1646903995.537 1646903995.578
1646903995.567 1646903995.575 1646903995.633
1646903995.632 1646903995.637 1646903995.686
1646903995.665 1646903995.672 1646903995.740
1646903995.730 1646903995.739 1646903995.795
1646903995.800 1646903995.806 1646903995.849
1646903995.831 1646903995.839 1646903995.906
1646903995.901 1646903995.908 1646903995.963
1646903995.966 1646903995.976 1646903996.017
1646903995.999 1646903996.007 1646903996.070
1646903996.066 1646903996.075 1646903996.125
1646903996.130 1646903996.139 1646903996.183
1646903996.165 1646903996.175 1646903996.237
1646903996.231 1646903996.239 1646903996.291
1646903996.268 1646903996.274 1646903996.345
1646903996.330 1646903996.338 1646903996.399
1646903996.401 1646903996.407 1646903996.454
1646903996.434 1646903996.439 1646903996.508
1646903996.500 1646903996.507 1646903996.566
1646903996.569 1646903996.577 1646903996.619
1646903996.599 1646903996.607 1646903996.672
1646903996.667 1646903996.672 1646903996.726
1646903996.730 1646903996.739 1646903996.780
1646903996.766 1646903996.775 1646903996.839
1646903996.831 1646903996.838 1646903996.894
1646903996.899 1646903996.905 1646903996.945
1646904001.132 1646904001.140 1646904001.185
1646904001.168 1646904001.175 1646904001.241
1646904001.232 1646904001.241 1646904001.295
1646904001.299 1646904001.306 1646904001.350
1646904001.331 1646904001.339 1646904001.406
1646904001.401 1646904001.409 1646904001.462
1646904001.468 1646904001.475 1646904001.515
1646904001.500 1646904001.507 1646904001.569
1646904001.565 1646904001.575 1646904001.624
1646904001.630 1646904001.641 1646904001.679
1646904001.668 1646904001.675 1646904001.744
1646904001.733 1646904001.742 1646904001.797
1646904001.799 1646904001.806 1646904001.851
1646904001.831 1646904001.838 1646904001.905
1646904001.900 1646904001.909 1646904001.963
1646904001.968 1646904001.975 1646904002.016
1646904001.997 1646904002.007 1646904002.072
1646904002.068 1646904002.076 1646904002.128
1646904002.132 1646904002.139 1646904002.182
1646904002.167 1646904002.174 1646904002.239
1646904002.233 1646904002.243 1646904002.301
1646904002.301 1646904002.307 1646904002.352
1646904002.330 1646904002.338 1646904002.406
1646904002.398 1646904002.407 1646904002.463
1646904002.469 1646904002.475 1646904002.517
1646904002.498 1646904002.507 1646904002.581
1646904002.568 1646904002.578 1646904002.635
1646904002.632 1646904002.643 1646904002.689
1646904002.667 1646904002.674 1646904002.743
1646904002.728 1646904002.740 1646904002.800
